trimaplebot-cs420final
50
New_York
82 412
Los_Angeles
271 6
Chicago
349 559
Houston
354 321
Philadelphia
136 310
Phoenix
296 226
San_Antonio
283 62
San_Diego
289 467
Dallas
404 347
San_Jose
352 24
Jacksonville
131 119
Indianapolis
240 315
San_Francisco
60 584
Austin
250 343
Columbus
311 488
Fort_Worth
389 45
Charlotte
296 22
Detroit
339 402
El_Paso
481 418
Memphis
174 26
Baltimore
126 45
Boston
451 517
Seattle
48 158
Washington
166 439
Nashville
330 569
Denver
368 102
Louisville
448 339
Milwaukee
350 548
Portland
57 32
Las_Vegas
384 412
Oklahoma_City
316 229
Albuquerque
187 554
Tucson
387 490
Fresno
172 115
Sacramento
45 415
Long_Beach
101 348
Kansas_City
411 119
Mesa
117 342
Virginia_Beach
54 586
Atlanta
147 198
Colorado_Springs
135 364
Omaha
276 523
Raleigh
67 323
Miami
443 577
Cleveland
150 502
Tulsa
323 50
Oakland
120 176
Minneapolis
356 364
Wichita
312 332
Arlington
138 438
0.0 218.0 468.0 104.0 289.0 0.0 92.0 37.0 252.0 33.0 121.0 29.0 2.0 253.0 423.0 484.0 24.0 132.0 89.0 453.0 249.0 449.0 243.0 175.0 23.0 381.0 47.0 372.0 71.0 134.0 414.0 121.0 465.0 392.0 0.0 50.0 31.0 227.0 35.0 281.0 174.0 23.0 190.0 0.0 238.0 56.0 266.0 131.0 166.0 424.0
218.0 0.0 96.0 366.0 0.0 418.0 0.0 55.0 426.0 358.0 348.0 423.0 219.0 93.0 51.0 11.0 0.0 430.0 0.0 216.0 438.0 470.0 0.0 250.0 131.0 327.0 215.0 459.0 1.0 132.0 96.0 84.0 104.0 470.0 13.0 0.0 142.0 266.0 6.0 472.0 388.0 3.0 0.0 45.0 435.0 340.0 83.0 386.0 317.0 113.0
468.0 96.0 0.0 478.0 18.0 125.0 0.0 204.0 0.0 390.0 0.0 415.0 339.0 116.0 208.0 385.0 400.0 389.0 419.0 69.0 224.0 65.0 0.0 277.0 34.0 446.0 190.0 294.0 190.0 308.0 90.0 474.0 220.0 223.0 55.0 0.0 86.0 391.0 257.0 341.0 463.0 160.0 322.0 83.0 142.0 315.0 468.0 302.0 363.0 428.0
104.0 366.0 478.0 0.0 202.0 0.0 0.0 56.0 19.0 231.0 366.0 35.0 491.0 244.0 365.0 64.0 316.0 449.0 464.0 491.0 0.0 96.0 333.0 252.0 160.0 298.0 378.0 227.0 108.0 216.0 92.0 285.0 116.0 115.0 96.0 216.0 153.0 417.0 224.0 472.0 97.0 123.0 208.0 414.0 173.0 106.0 214.0 19.0 143.0 55.0
289.0 0.0 18.0 202.0 0.0 429.0 359.0 26.0 0.0 191.0 298.0 430.0 0.0 303.0 0.0 36.0 239.0 27.0 98.0 485.0 0.0 265.0 364.0 310.0 186.0 161.0 297.0 225.0 464.0 0.0 373.0 68.0 135.0 318.0 35.0 183.0 97.0 24.0 0.0 458.0 196.0 93.0 467.0 61.0 0.0 266.0 68.0 0.0 129.0 401.0
0.0 418.0 125.0 0.0 429.0 0.0 61.0 351.0 50.0 190.0 416.0 0.0 0.0 330.0 99.0 420.0 213.0 458.0 354.0 130.0 41.0 177.0 183.0 343.0 348.0 319.0 0.0 281.0 500.0 39.0 263.0 195.0 22.0 383.0 107.0 132.0 152.0 345.0 100.0 357.0 256.0 257.0 233.0 0.0 0.0 0.0 51.0 55.0 472.0 269.0
92.0 0.0 0.0 0.0 359.0 61.0 0.0 161.0 0.0 438.0 421.0 0.0 419.0 315.0 338.0 401.0 346.0 23.0 166.0 373.0 89.0 222.0 72.0 268.0 108.0 0.0 379.0 0.0 316.0 306.0 168.0 0.0 399.0 32.0 108.0 276.0 136.0 81.0 97.0 400.0 376.0 178.0 121.0 214.0 88.0 495.0 384.0 35.0 230.0 35.0
37.0 55.0 204.0 56.0 26.0 351.0 161.0 0.0 216.0 439.0 250.0 0.0 438.0 243.0 140.0 176.0 165.0 243.0 136.0 414.0 50.0 227.0 249.0 435.0 0.0 476.0 419.0 392.0 1.0 387.0 166.0 293.0 359.0 352.0 179.0 446.0 338.0 135.0 197.0 406.0 0.0 150.0 24.0 412.0 341.0 475.0 392.0 25.0 193.0 172.0
252.0 426.0 0.0 19.0 0.0 50.0 0.0 216.0 0.0 180.0 224.0 62.0 0.0 150.0 67.0 75.0 113.0 177.0 440.0 29.0 153.0 68.0 322.0 248.0 0.0 144.0 194.0 83.0 352.0 349.0 186.0 467.0 194.0 462.0 55.0 217.0 299.0 0.0 307.0 50.0 322.0 25.0 259.0 172.0 1.0 54.0 207.0 282.0 7.0 122.0
33.0 358.0 390.0 231.0 191.0 190.0 438.0 439.0 180.0 0.0 49.0 184.0 364.0 311.0 135.0 230.0 329.0 435.0 476.0 73.0 328.0 0.0 427.0 178.0 213.0 161.0 209.0 0.0 116.0 389.0 314.0 311.0 2.0 444.0 321.0 49.0 339.0 27.0 425.0 2.0 298.0 0.0 283.0 378.0 304.0 100.0 248.0 173.0 258.0 89.0
121.0 348.0 0.0 366.0 298.0 416.0 421.0 250.0 224.0 49.0 0.0 458.0 222.0 19.0 69.0 79.0 0.0 260.0 79.0 401.0 317.0 294.0 351.0 310.0 489.0 196.0 230.0 266.0 96.0 386.0 0.0 0.0 410.0 224.0 53.0 230.0 385.0 240.0 436.0 252.0 60.0 371.0 285.0 469.0 443.0 140.0 36.0 108.0 295.0 497.0
29.0 423.0 415.0 35.0 430.0 0.0 0.0 0.0 62.0 184.0 458.0 0.0 456.0 265.0 337.0 92.0 437.0 471.0 0.0 160.0 8.0 386.0 0.0 189.0 0.0 192.0 274.0 98.0 307.0 0.0 120.0 267.0 227.0 146.0 441.0 41.0 69.0 301.0 335.0 0.0 454.0 176.0 73.0 101.0 355.0 256.0 464.0 296.0 317.0 412.0
2.0 219.0 339.0 491.0 0.0 0.0 419.0 438.0 0.0 364.0 222.0 456.0 0.0 181.0 349.0 0.0 460.0 289.0 395.0 484.0 0.0 198.0 40.0 374.0 259.0 414.0 51.0 210.0 230.0 0.0 272.0 452.0 151.0 495.0 152.0 358.0 261.0 346.0 464.0 460.0 0.0 289.0 315.0 139.0 27.0 364.0 290.0 384.0 0.0 83.0
253.0 93.0 116.0 244.0 303.0 330.0 315.0 243.0 150.0 311.0 19.0 265.0 181.0 0.0 326.0 151.0 164.0 205.0 369.0 0.0 102.0 159.0 340.0 243.0 305.0 0.0 447.0 330.0 318.0 262.0 138.0 96.0 139.0 26.0 397.0 488.0 468.0 239.0 0.0 78.0 141.0 334.0 20.0 340.0 264.0 0.0 413.0 317.0 71.0 266.0
423.0 51.0 208.0 365.0 0.0 99.0 338.0 140.0 67.0 135.0 69.0 337.0 349.0 326.0 0.0 202.0 362.0 0.0 462.0 0.0 258.0 263.0 336.0 427.0 137.0 273.0 96.0 41.0 159.0 186.0 238.0 485.0 152.0 484.0 64.0 9.0 222.0 0.0 127.0 202.0 227.0 348.0 174.0 309.0 445.0 464.0 351.0 0.0 0.0 0.0
484.0 11.0 385.0 64.0 36.0 420.0 401.0 176.0 75.0 230.0 79.0 92.0 0.0 151.0 202.0 0.0 117.0 0.0 49.0 453.0 60.0 492.0 290.0 368.0 44.0 204.0 63.0 139.0 422.0 246.0 468.0 307.0 472.0 0.0 151.0 0.0 459.0 343.0 280.0 327.0 360.0 100.0 200.0 393.0 332.0 208.0 227.0 90.0 350.0 397.0
24.0 0.0 400.0 316.0 239.0 213.0 346.0 165.0 113.0 329.0 0.0 437.0 460.0 164.0 362.0 117.0 0.0 0.0 250.0 470.0 240.0 62.0 63.0 399.0 225.0 265.0 0.0 280.0 267.0 151.0 287.0 64.0 260.0 210.0 84.0 163.0 265.0 29.0 285.0 298.0 352.0 461.0 11.0 56.0 202.0 0.0 140.0 205.0 0.0 123.0
132.0 430.0 389.0 449.0 27.0 458.0 23.0 243.0 177.0 435.0 260.0 471.0 289.0 205.0 0.0 0.0 0.0 0.0 195.0 57.0 453.0 247.0 355.0 324.0 175.0 129.0 100.0 250.0 423.0 67.0 284.0 66.0 216.0 322.0 493.0 126.0 0.0 385.0 43.0 312.0 390.0 290.0 330.0 63.0 1.0 350.0 360.0 0.0 62.0 120.0
89.0 0.0 419.0 464.0 98.0 354.0 166.0 136.0 440.0 476.0 79.0 0.0 395.0 369.0 462.0 49.0 250.0 195.0 0.0 324.0 0.0 212.0 272.0 239.0 492.0 308.0 257.0 274.0 335.0 0.0 353.0 426.0 223.0 465.0 173.0 21.0 405.0 186.0 499.0 191.0 210.0 375.0 264.0 27.0 256.0 99.0 44.0 0.0 4.0 40.0
453.0 216.0 69.0 491.0 485.0 130.0 373.0 414.0 29.0 73.0 401.0 160.0 484.0 0.0 0.0 453.0 470.0 57.0 324.0 0.0 361.0 410.0 69.0 68.0 404.0 0.0 21.0 356.0 251.0 488.0 39.0 432.0 86.0 247.0 315.0 99.0 405.0 220.0 394.0 244.0 359.0 422.0 153.0 412.0 98.0 0.0 36.0 346.0 0.0 152.0
249.0 438.0 224.0 0.0 0.0 41.0 89.0 50.0 153.0 328.0 317.0 8.0 0.0 102.0 258.0 60.0 240.0 453.0 0.0 361.0 0.0 171.0 147.0 0.0 164.0 338.0 45.0 65.0 36.0 395.0 35.0 285.0 0.0 329.0 0.0 372.0 314.0 463.0 302.0 68.0 47.0 42.0 311.0 226.0 470.0 399.0 358.0 191.0 341.0 343.0
449.0 470.0 65.0 96.0 265.0 177.0 222.0 227.0 68.0 0.0 294.0 386.0 198.0 159.0 263.0 492.0 62.0 247.0 212.0 410.0 171.0 0.0 251.0 409.0 372.0 391.0 337.0 393.0 0.0 132.0 31.0 290.0 82.0 160.0 293.0 164.0 144.0 294.0 200.0 0.0 98.0 60.0 295.0 213.0 367.0 0.0 428.0 166.0 280.0 317.0
243.0 0.0 0.0 333.0 364.0 183.0 72.0 249.0 322.0 427.0 351.0 0.0 40.0 340.0 336.0 290.0 63.0 355.0 272.0 69.0 147.0 251.0 0.0 266.0 266.0 222.0 293.0 136.0 54.0 493.0 13.0 482.0 445.0 313.0 0.0 385.0 463.0 195.0 6.0 42.0 105.0 366.0 189.0 92.0 423.0 212.0 0.0 308.0 271.0 84.0
175.0 250.0 277.0 252.0 310.0 343.0 268.0 435.0 248.0 178.0 310.0 189.0 374.0 243.0 427.0 368.0 399.0 324.0 239.0 68.0 0.0 409.0 266.0 0.0 464.0 112.0 65.0 0.0 0.0 174.0 278.0 449.0 293.0 264.0 209.0 489.0 295.0 55.0 227.0 149.0 338.0 355.0 447.0 448.0 274.0 78.0 207.0 60.0 0.0 488.0
23.0 131.0 34.0 160.0 186.0 348.0 108.0 0.0 0.0 213.0 489.0 0.0 259.0 305.0 137.0 44.0 225.0 175.0 492.0 404.0 164.0 372.0 266.0 464.0 0.0 0.0 197.0 355.0 174.0 411.0 345.0 414.0 465.0 240.0 192.0 233.0 82.0 292.0 272.0 208.0 234.0 416.0 420.0 462.0 45.0 256.0 162.0 380.0 13.0 344.0
381.0 327.0 446.0 298.0 161.0 319.0 0.0 476.0 144.0 161.0 196.0 192.0 414.0 0.0 273.0 204.0 265.0 129.0 308.0 0.0 338.0 391.0 222.0 112.0 0.0 0.0 67.0 342.0 222.0 49.0 421.0 236.0 73.0 376.0 234.0 190.0 283.0 81.0 26.0 11.0 455.0 345.0 19.0 191.0 354.0 43.0 159.0 340.0 478.0 272.0
47.0 215.0 190.0 378.0 297.0 0.0 379.0 419.0 194.0 209.0 230.0 274.0 51.0 447.0 96.0 63.0 0.0 100.0 257.0 21.0 45.0 337.0 293.0 65.0 197.0 67.0 0.0 321.0 489.0 45.0 169.0 208.0 252.0 0.0 184.0 398.0 316.0 306.0 407.0 120.0 182.0 448.0 86.0 207.0 178.0 308.0 292.0 125.0 50.0 444.0
372.0 459.0 294.0 227.0 225.0 281.0 0.0 392.0 83.0 0.0 266.0 98.0 210.0 330.0 41.0 139.0 280.0 250.0 274.0 356.0 65.0 393.0 136.0 0.0 355.0 342.0 321.0 0.0 455.0 178.0 286.0 298.0 241.0 416.0 0.0 43.0 45.0 490.0 6.0 0.0 105.0 3.0 421.0 88.0 108.0 144.0 451.0 281.0 380.0 118.0
71.0 1.0 190.0 108.0 464.0 500.0 316.0 1.0 352.0 116.0 96.0 307.0 230.0 318.0 159.0 422.0 267.0 423.0 335.0 251.0 36.0 0.0 54.0 0.0 174.0 222.0 489.0 455.0 0.0 317.0 37.0 51.0 188.0 138.0 159.0 0.0 143.0 88.0 58.0 169.0 237.0 104.0 0.0 140.0 243.0 102.0 421.0 0.0 294.0 70.0
134.0 132.0 308.0 216.0 0.0 39.0 306.0 387.0 349.0 389.0 386.0 0.0 0.0 262.0 186.0 246.0 151.0 67.0 0.0 488.0 395.0 132.0 493.0 174.0 411.0 49.0 45.0 178.0 317.0 0.0 331.0 219.0 468.0 371.0 98.0 16.0 0.0 454.0 439.0 123.0 147.0 72.0 487.0 196.0 198.0 314.0 338.0 421.0 171.0 393.0
414.0 96.0 90.0 92.0 373.0 263.0 168.0 166.0 186.0 314.0 0.0 120.0 272.0 138.0 238.0 468.0 287.0 284.0 353.0 39.0 35.0 31.0 13.0 278.0 345.0 421.0 169.0 286.0 37.0 331.0 0.0 398.0 134.0 51.0 15.0 0.0 400.0 447.0 480.0 43.0 0.0 28.0 192.0 337.0 413.0 33.0 437.0 52.0 42.0 405.0
121.0 84.0 474.0 285.0 68.0 195.0 0.0 293.0 467.0 311.0 0.0 267.0 452.0 96.0 485.0 307.0 64.0 66.0 426.0 432.0 285.0 290.0 482.0 449.0 414.0 236.0 208.0 298.0 51.0 219.0 398.0 0.0 177.0 19.0 199.0 0.0 208.0 177.0 110.0 158.0 0.0 497.0 52.0 411.0 70.0 469.0 260.0 59.0 212.0 34.0
465.0 104.0 220.0 116.0 135.0 22.0 399.0 359.0 194.0 2.0 410.0 227.0 151.0 139.0 152.0 472.0 260.0 216.0 223.0 86.0 0.0 82.0 445.0 293.0 465.0 73.0 252.0 241.0 188.0 468.0 134.0 177.0 0.0 471.0 320.0 342.0 374.0 203.0 0.0 48.0 426.0 0.0 6.0 407.0 425.0 78.0 361.0 275.0 0.0 253.0
392.0 470.0 223.0 115.0 318.0 383.0 32.0 352.0 462.0 444.0 224.0 146.0 495.0 26.0 484.0 0.0 210.0 322.0 465.0 247.0 329.0 160.0 313.0 264.0 240.0 376.0 0.0 416.0 138.0 371.0 51.0 19.0 471.0 0.0 36.0 294.0 142.0 0.0 109.0 256.0 485.0 198.0 368.0 89.0 239.0 319.0 225.0 67.0 204.0 0.0
0.0 13.0 55.0 96.0 35.0 107.0 108.0 179.0 55.0 321.0 53.0 441.0 152.0 397.0 64.0 151.0 84.0 493.0 173.0 315.0 0.0 293.0 0.0 209.0 192.0 234.0 184.0 0.0 159.0 98.0 15.0 199.0 320.0 36.0 0.0 163.0 344.0 114.0 397.0 362.0 232.0 328.0 212.0 106.0 307.0 216.0 59.0 446.0 278.0 0.0
50.0 0.0 0.0 216.0 183.0 132.0 276.0 446.0 217.0 49.0 230.0 41.0 358.0 488.0 9.0 0.0 163.0 126.0 21.0 99.0 372.0 164.0 385.0 489.0 233.0 190.0 398.0 43.0 0.0 16.0 0.0 0.0 342.0 294.0 163.0 0.0 242.0 14.0 498.0 61.0 468.0 8.0 377.0 21.0 0.0 342.0 188.0 117.0 86.0 102.0
31.0 142.0 86.0 153.0 97.0 152.0 136.0 338.0 299.0 339.0 385.0 69.0 261.0 468.0 222.0 459.0 265.0 0.0 405.0 405.0 314.0 144.0 463.0 295.0 82.0 283.0 316.0 45.0 143.0 0.0 400.0 208.0 374.0 142.0 344.0 242.0 0.0 90.0 295.0 51.0 335.0 117.0 72.0 239.0 0.0 315.0 261.0 403.0 227.0 311.0
227.0 266.0 391.0 417.0 24.0 345.0 81.0 135.0 0.0 27.0 240.0 301.0 346.0 239.0 0.0 343.0 29.0 385.0 186.0 220.0 463.0 294.0 195.0 55.0 292.0 81.0 306.0 490.0 88.0 454.0 447.0 177.0 203.0 0.0 114.0 14.0 90.0 0.0 364.0 188.0 282.0 30.0 324.0 396.0 92.0 8.0 249.0 262.0 466.0 0.0
35.0 6.0 257.0 224.0 0.0 100.0 97.0 197.0 307.0 425.0 436.0 335.0 464.0 0.0 127.0 280.0 285.0 43.0 499.0 394.0 302.0 200.0 6.0 227.0 272.0 26.0 407.0 6.0 58.0 439.0 480.0 110.0 0.0 109.0 397.0 498.0 295.0 364.0 0.0 0.0 20.0 0.0 165.0 153.0 436.0 144.0 339.0 0.0 139.0 415.0
281.0 472.0 341.0 472.0 458.0 357.0 400.0 406.0 50.0 2.0 252.0 0.0 460.0 78.0 202.0 327.0 298.0 312.0 191.0 244.0 68.0 0.0 42.0 149.0 208.0 11.0 120.0 0.0 169.0 123.0 43.0 158.0 48.0 256.0 362.0 61.0 51.0 188.0 0.0 0.0 164.0 176.0 90.0 138.0 446.0 147.0 125.0 284.0 496.0 0.0
174.0 388.0 463.0 97.0 196.0 256.0 376.0 0.0 322.0 298.0 60.0 454.0 0.0 141.0 227.0 360.0 352.0 390.0 210.0 359.0 47.0 98.0 105.0 338.0 234.0 455.0 182.0 105.0 237.0 147.0 0.0 0.0 426.0 485.0 232.0 468.0 335.0 282.0 20.0 164.0 0.0 388.0 273.0 152.0 402.0 151.0 253.0 288.0 382.0 386.0
23.0 3.0 160.0 123.0 93.0 257.0 178.0 150.0 25.0 0.0 371.0 176.0 289.0 334.0 348.0 100.0 461.0 290.0 375.0 422.0 42.0 60.0 366.0 355.0 416.0 345.0 448.0 3.0 104.0 72.0 28.0 497.0 0.0 198.0 328.0 8.0 117.0 30.0 0.0 176.0 388.0 0.0 430.0 470.0 221.0 152.0 459.0 484.0 299.0 131.0
190.0 0.0 322.0 208.0 467.0 233.0 121.0 24.0 259.0 283.0 285.0 73.0 315.0 20.0 174.0 200.0 11.0 330.0 264.0 153.0 311.0 295.0 189.0 447.0 420.0 19.0 86.0 421.0 0.0 487.0 192.0 52.0 6.0 368.0 212.0 377.0 72.0 324.0 165.0 90.0 273.0 430.0 0.0 96.0 405.0 466.0 253.0 401.0 300.0 135.0
0.0 45.0 83.0 414.0 61.0 0.0 214.0 412.0 172.0 378.0 469.0 101.0 139.0 340.0 309.0 393.0 56.0 63.0 27.0 412.0 226.0 213.0 92.0 448.0 462.0 191.0 207.0 88.0 140.0 196.0 337.0 411.0 407.0 89.0 106.0 21.0 239.0 396.0 153.0 138.0 152.0 470.0 96.0 0.0 39.0 473.0 213.0 50.0 297.0 431.0
238.0 435.0 142.0 173.0 0.0 0.0 88.0 341.0 1.0 304.0 443.0 355.0 27.0 264.0 445.0 332.0 202.0 1.0 256.0 98.0 470.0 367.0 423.0 274.0 45.0 354.0 178.0 108.0 243.0 198.0 413.0 70.0 425.0 239.0 307.0 0.0 0.0 92.0 436.0 446.0 402.0 221.0 405.0 39.0 0.0 238.0 460.0 217.0 42.0 264.0
56.0 340.0 315.0 106.0 266.0 0.0 495.0 475.0 54.0 100.0 140.0 256.0 364.0 0.0 464.0 208.0 0.0 350.0 99.0 0.0 399.0 0.0 212.0 78.0 256.0 43.0 308.0 144.0 102.0 314.0 33.0 469.0 78.0 319.0 216.0 342.0 315.0 8.0 144.0 147.0 151.0 152.0 466.0 473.0 238.0 0.0 293.0 189.0 340.0 130.0
266.0 83.0 468.0 214.0 68.0 51.0 384.0 392.0 207.0 248.0 36.0 464.0 290.0 413.0 351.0 227.0 140.0 360.0 44.0 36.0 358.0 428.0 0.0 207.0 162.0 159.0 292.0 451.0 421.0 338.0 437.0 260.0 361.0 225.0 59.0 188.0 261.0 249.0 339.0 125.0 253.0 459.0 253.0 213.0 460.0 293.0 0.0 0.0 247.0 275.0
131.0 386.0 302.0 19.0 0.0 55.0 35.0 25.0 282.0 173.0 108.0 296.0 384.0 317.0 0.0 90.0 205.0 0.0 0.0 346.0 191.0 166.0 308.0 60.0 380.0 340.0 125.0 281.0 0.0 421.0 52.0 59.0 275.0 67.0 446.0 117.0 403.0 262.0 0.0 284.0 288.0 484.0 401.0 50.0 217.0 189.0 0.0 0.0 376.0 424.0
166.0 317.0 363.0 143.0 129.0 472.0 230.0 193.0 7.0 258.0 295.0 317.0 0.0 71.0 0.0 350.0 0.0 62.0 4.0 0.0 341.0 280.0 271.0 0.0 13.0 478.0 50.0 380.0 294.0 171.0 42.0 212.0 0.0 204.0 278.0 86.0 227.0 466.0 139.0 496.0 382.0 299.0 300.0 297.0 42.0 340.0 247.0 376.0 0.0 0.0
424.0 113.0 428.0 55.0 401.0 269.0 35.0 172.0 122.0 89.0 497.0 412.0 83.0 266.0 0.0 397.0 123.0 120.0 40.0 152.0 343.0 317.0 84.0 488.0 344.0 272.0 444.0 118.0 70.0 393.0 405.0 34.0 253.0 0.0 0.0 102.0 311.0 0.0 415.0 0.0 386.0 131.0 135.0 431.0 264.0 130.0 275.0 424.0 0.0 0.0
0.0 0.0 0.0 0.0 0.0 0.0 0.0 0.0 0.0 0.0 0.0 0.0 0.0 0.0 0.0 0.0 0.0 0.0 0.0 0.0 0.0 0.0 0.0 0.0 0.0 0.0 0.0 0.0 0.0 0.0 0.0 0.0 0.0 0.0 0.0 14.0 0.0 0.0 0.0 0.0 0.0 0.0 0.0 0.0 0.0 0.0 0.0 0.0 0.0 0.0
0.0 0.0 0.0 0.0 0.0 0.0 0.0 0.0 0.0 0.0 0.0 0.0 0.0 0.0 0.0 0.0 0.0 0.0 0.0 0.0 0.0 0.0 0.0 0.0 0.0 0.0 0.0 0.0 0.0 0.0 0.0 0.0 0.0 0.0 0.0 296.0 0.0 0.0 0.0 0.0 0.0 0.0 0.0 0.0 0.0 0.0 0.0 0.0 0.0 0.0
0.0 0.0 0.0 0.0 0.0 0.0 0.0 0.0 0.0 0.0 0.0 0.0 0.0 0.0 0.0 0.0 0.0 0.0 0.0 0.0 0.0 0.0 0.0 0.0 0.0 0.0 0.0 0.0 0.0 0.0 0.0 0.0 0.0 0.0 0.0 487.0 0.0 0.0 0.0 0.0 0.0 0.0 0.0 0.0 0.0 0.0 0.0 0.0 0.0 0.0
0.0 0.0 0.0 0.0 0.0 0.0 0.0 0.0 0.0 0.0 0.0 0.0 0.0 0.0 0.0 0.0 0.0 0.0 0.0 0.0 0.0 0.0 0.0 0.0 0.0 0.0 0.0 0.0 0.0 0.0 0.0 0.0 0.0 0.0 0.0 163.0 0.0 0.0 0.0 0.0 0.0 0.0 0.0 0.0 0.0 0.0 0.0 0.0 0.0 0.0
0.0 0.0 0.0 0.0 0.0 0.0 0.0 0.0 0.0 0.0 0.0 0.0 0.0 0.0 0.0 0.0 0.0 0.0 0.0 0.0 0.0 0.0 0.0 0.0 0.0 0.0 0.0 0.0 0.0 0.0 0.0 0.0 0.0 0.0 0.0 246.0 0.0 0.0 0.0 0.0 0.0 0.0 0.0 0.0 0.0 0.0 0.0 0.0 0.0 0.0
0.0 0.0 0.0 0.0 0.0 0.0 0.0 0.0 0.0 0.0 0.0 0.0 0.0 0.0 0.0 0.0 0.0 0.0 0.0 0.0 0.0 0.0 0.0 0.0 0.0 0.0 0.0 0.0 0.0 0.0 0.0 0.0 0.0 0.0 0.0 291.0 0.0 0.0 0.0 0.0 0.0 0.0 0.0 0.0 0.0 0.0 0.0 0.0 0.0 0.0
0.0 0.0 0.0 0.0 0.0 0.0 0.0 0.0 0.0 0.0 0.0 0.0 0.0 0.0 0.0 0.0 0.0 0.0 0.0 0.0 0.0 0.0 0.0 0.0 0.0 0.0 0.0 0.0 0.0 0.0 0.0 0.0 0.0 0.0 0.0 237.0 0.0 0.0 0.0 0.0 0.0 0.0 0.0 0.0 0.0 0.0 0.0 0.0 0.0 0.0
0.0 0.0 0.0 0.0 0.0 0.0 0.0 0.0 0.0 0.0 0.0 0.0 0.0 0.0 0.0 0.0 0.0 0.0 0.0 0.0 0.0 0.0 0.0 0.0 0.0 0.0 0.0 0.0 0.0 0.0 0.0 0.0 0.0 0.0 0.0 289.0 0.0 0.0 0.0 0.0 0.0 0.0 0.0 0.0 0.0 0.0 0.0 0.0 0.0 0.0
0.0 0.0 0.0 0.0 0.0 0.0 0.0 0.0 0.0 0.0 0.0 0.0 0.0 0.0 0.0 0.0 0.0 0.0 0.0 0.0 0.0 0.0 0.0 0.0 0.0 0.0 0.0 0.0 0.0 0.0 0.0 0.0 0.0 0.0 0.0 340.0 0.0 0.0 0.0 0.0 0.0 0.0 0.0 0.0 0.0 0.0 0.0 0.0 0.0 0.0
0.0 0.0 0.0 0.0 0.0 0.0 0.0 0.0 0.0 0.0 0.0 0.0 0.0 0.0 0.0 0.0 0.0 0.0 0.0 0.0 0.0 0.0 0.0 0.0 0.0 0.0 0.0 0.0 0.0 0.0 0.0 0.0 0.0 0.0 0.0 283.0 0.0 0.0 0.0 0.0 0.0 0.0 0.0 0.0 0.0 0.0 0.0 0.0 0.0 0.0
0.0 0.0 0.0 0.0 0.0 0.0 0.0 0.0 0.0 0.0 0.0 0.0 0.0 0.0 0.0 0.0 0.0 0.0 0.0 0.0 0.0 0.0 0.0 0.0 0.0 0.0 0.0 0.0 0.0 0.0 0.0 0.0 0.0 0.0 0.0 203.0 0.0 0.0 0.0 0.0 0.0 0.0 0.0 0.0 0.0 0.0 0.0 0.0 0.0 0.0
0.0 0.0 0.0 0.0 0.0 0.0 0.0 0.0 0.0 0.0 0.0 0.0 0.0 0.0 0.0 0.0 0.0 0.0 0.0 0.0 0.0 0.0 0.0 0.0 0.0 0.0 0.0 0.0 0.0 0.0 0.0 0.0 0.0 0.0 0.0 140.0 0.0 0.0 0.0 0.0 0.0 0.0 0.0 0.0 0.0 0.0 0.0 0.0 0.0 0.0
0.0 0.0 0.0 0.0 0.0 0.0 0.0 0.0 0.0 0.0 0.0 0.0 0.0 0.0 0.0 0.0 0.0 0.0 0.0 0.0 0.0 0.0 0.0 0.0 0.0 0.0 0.0 0.0 0.0 0.0 0.0 0.0 0.0 0.0 0.0 566.0 0.0 0.0 0.0 0.0 0.0 0.0 0.0 0.0 0.0 0.0 0.0 0.0 0.0 0.0
0.0 0.0 0.0 0.0 0.0 0.0 0.0 0.0 0.0 0.0 0.0 0.0 0.0 0.0 0.0 0.0 0.0 0.0 0.0 0.0 0.0 0.0 0.0 0.0 0.0 0.0 0.0 0.0 0.0 0.0 0.0 0.0 0.0 0.0 0.0 531.0 0.0 0.0 0.0 0.0 0.0 0.0 0.0 0.0 0.0 0.0 0.0 0.0 0.0 0.0
0.0 0.0 0.0 0.0 0.0 0.0 0.0 0.0 0.0 0.0 0.0 0.0 0.0 0.0 0.0 0.0 0.0 0.0 0.0 0.0 0.0 0.0 0.0 0.0 0.0 0.0 0.0 0.0 0.0 0.0 0.0 0.0 0.0 0.0 0.0 81.0 0.0 0.0 0.0 0.0 0.0 0.0 0.0 0.0 0.0 0.0 0.0 0.0 0.0 0.0
0.0 0.0 0.0 0.0 0.0 0.0 0.0 0.0 0.0 0.0 0.0 0.0 0.0 0.0 0.0 0.0 0.0 0.0 0.0 0.0 0.0 0.0 0.0 0.0 0.0 0.0 0.0 0.0 0.0 0.0 0.0 0.0 0.0 0.0 0.0 597.0 0.0 0.0 0.0 0.0 0.0 0.0 0.0 0.0 0.0 0.0 0.0 0.0 0.0 0.0
0.0 0.0 0.0 0.0 0.0 0.0 0.0 0.0 0.0 0.0 0.0 0.0 0.0 0.0 0.0 0.0 0.0 0.0 0.0 0.0 0.0 0.0 0.0 0.0 0.0 0.0 0.0 0.0 0.0 0.0 0.0 0.0 0.0 0.0 0.0 532.0 0.0 0.0 0.0 0.0 0.0 0.0 0.0 0.0 0.0 0.0 0.0 0.0 0.0 0.0
0.0 0.0 0.0 0.0 0.0 0.0 0.0 0.0 0.0 0.0 0.0 0.0 0.0 0.0 0.0 0.0 0.0 0.0 0.0 0.0 0.0 0.0 0.0 0.0 0.0 0.0 0.0 0.0 0.0 0.0 0.0 0.0 0.0 0.0 0.0 268.0 0.0 0.0 0.0 0.0 0.0 0.0 0.0 0.0 0.0 0.0 0.0 0.0 0.0 0.0
0.0 0.0 0.0 0.0 0.0 0.0 0.0 0.0 0.0 0.0 0.0 0.0 0.0 0.0 0.0 0.0 0.0 0.0 0.0 0.0 0.0 0.0 0.0 0.0 0.0 0.0 0.0 0.0 0.0 0.0 0.0 0.0 0.0 0.0 0.0 408.0 0.0 0.0 0.0 0.0 0.0 0.0 0.0 0.0 0.0 0.0 0.0 0.0 0.0 0.0
0.0 0.0 0.0 0.0 0.0 0.0 0.0 0.0 0.0 0.0 0.0 0.0 0.0 0.0 0.0 0.0 0.0 0.0 0.0 0.0 0.0 0.0 0.0 0.0 0.0 0.0 0.0 0.0 0.0 0.0 0.0 0.0 0.0 0.0 0.0 78.0 0.0 0.0 0.0 0.0 0.0 0.0 0.0 0.0 0.0 0.0 0.0 0.0 0.0 0.0
0.0 0.0 0.0 0.0 0.0 0.0 0.0 0.0 0.0 0.0 0.0 0.0 0.0 0.0 0.0 0.0 0.0 0.0 0.0 0.0 0.0 0.0 0.0 0.0 0.0 0.0 0.0 0.0 0.0 0.0 0.0 0.0 0.0 0.0 0.0 164.0 0.0 0.0 0.0 0.0 0.0 0.0 0.0 0.0 0.0 0.0 0.0 0.0 0.0 0.0
0.0 0.0 0.0 0.0 0.0 0.0 0.0 0.0 0.0 0.0 0.0 0.0 0.0 0.0 0.0 0.0 0.0 0.0 0.0 0.0 0.0 0.0 0.0 0.0 0.0 0.0 0.0 0.0 0.0 0.0 0.0 0.0 0.0 0.0 0.0 267.0 0.0 0.0 0.0 0.0 0.0 0.0 0.0 0.0 0.0 0.0 0.0 0.0 0.0 0.0
0.0 0.0 0.0 0.0 0.0 0.0 0.0 0.0 0.0 0.0 0.0 0.0 0.0 0.0 0.0 0.0 0.0 0.0 0.0 0.0 0.0 0.0 0.0 0.0 0.0 0.0 0.0 0.0 0.0 0.0 0.0 0.0 0.0 0.0 0.0 483.0 0.0 0.0 0.0 0.0 0.0 0.0 0.0 0.0 0.0 0.0 0.0 0.0 0.0 0.0
0.0 0.0 0.0 0.0 0.0 0.0 0.0 0.0 0.0 0.0 0.0 0.0 0.0 0.0 0.0 0.0 0.0 0.0 0.0 0.0 0.0 0.0 0.0 0.0 0.0 0.0 0.0 0.0 0.0 0.0 0.0 0.0 0.0 0.0 0.0 602.0 0.0 0.0 0.0 0.0 0.0 0.0 0.0 0.0 0.0 0.0 0.0 0.0 0.0 0.0
0.0 0.0 0.0 0.0 0.0 0.0 0.0 0.0 0.0 0.0 0.0 0.0 0.0 0.0 0.0 0.0 0.0 0.0 0.0 0.0 0.0 0.0 0.0 0.0 0.0 0.0 0.0 0.0 0.0 0.0 0.0 0.0 0.0 0.0 0.0 76.0 0.0 0.0 0.0 0.0 0.0 0.0 0.0 0.0 0.0 0.0 0.0 0.0 0.0 0.0
0.0 0.0 0.0 0.0 0.0 0.0 0.0 0.0 0.0 0.0 0.0 0.0 0.0 0.0 0.0 0.0 0.0 0.0 0.0 0.0 0.0 0.0 0.0 0.0 0.0 0.0 0.0 0.0 0.0 0.0 0.0 0.0 0.0 0.0 0.0 254.0 0.0 0.0 0.0 0.0 0.0 0.0 0.0 0.0 0.0 0.0 0.0 0.0 0.0 0.0
0.0 0.0 0.0 0.0 0.0 0.0 0.0 0.0 0.0 0.0 0.0 0.0 0.0 0.0 0.0 0.0 0.0 0.0 0.0 0.0 0.0 0.0 0.0 0.0 0.0 0.0 0.0 0.0 0.0 0.0 0.0 0.0 0.0 0.0 0.0 254.0 0.0 0.0 0.0 0.0 0.0 0.0 0.0 0.0 0.0 0.0 0.0 0.0 0.0 0.0
0.0 0.0 0.0 0.0 0.0 0.0 0.0 0.0 0.0 0.0 0.0 0.0 0.0 0.0 0.0 0.0 0.0 0.0 0.0 0.0 0.0 0.0 0.0 0.0 0.0 0.0 0.0 0.0 0.0 0.0 0.0 0.0 0.0 0.0 0.0 409.0 0.0 0.0 0.0 0.0 0.0 0.0 0.0 0.0 0.0 0.0 0.0 0.0 0.0 0.0
0.0 0.0 0.0 0.0 0.0 0.0 0.0 0.0 0.0 0.0 0.0 0.0 0.0 0.0 0.0 0.0 0.0 0.0 0.0 0.0 0.0 0.0 0.0 0.0 0.0 0.0 0.0 0.0 0.0 0.0 0.0 0.0 0.0 0.0 0.0 266.0 0.0 0.0 0.0 0.0 0.0 0.0 0.0 0.0 0.0 0.0 0.0 0.0 0.0 0.0
0.0 0.0 0.0 0.0 0.0 0.0 0.0 0.0 0.0 0.0 0.0 0.0 0.0 0.0 0.0 0.0 0.0 0.0 0.0 0.0 0.0 0.0 0.0 0.0 0.0 0.0 0.0 0.0 0.0 0.0 0.0 0.0 0.0 0.0 0.0 591.0 0.0 0.0 0.0 0.0 0.0 0.0 0.0 0.0 0.0 0.0 0.0 0.0 0.0 0.0
0.0 0.0 0.0 0.0 0.0 0.0 0.0 0.0 0.0 0.0 0.0 0.0 0.0 0.0 0.0 0.0 0.0 0.0 0.0 0.0 0.0 0.0 0.0 0.0 0.0 0.0 0.0 0.0 0.0 0.0 0.0 0.0 0.0 0.0 0.0 565.0 0.0 0.0 0.0 0.0 0.0 0.0 0.0 0.0 0.0 0.0 0.0 0.0 0.0 0.0
0.0 0.0 0.0 0.0 0.0 0.0 0.0 0.0 0.0 0.0 0.0 0.0 0.0 0.0 0.0 0.0 0.0 0.0 0.0 0.0 0.0 0.0 0.0 0.0 0.0 0.0 0.0 0.0 0.0 0.0 0.0 0.0 0.0 0.0 0.0 265.0 0.0 0.0 0.0 0.0 0.0 0.0 0.0 0.0 0.0 0.0 0.0 0.0 0.0 0.0
0.0 0.0 0.0 0.0 0.0 0.0 0.0 0.0 0.0 0.0 0.0 0.0 0.0 0.0 0.0 0.0 0.0 0.0 0.0 0.0 0.0 0.0 0.0 0.0 0.0 0.0 0.0 0.0 0.0 0.0 0.0 0.0 0.0 0.0 0.0 561.0 0.0 0.0 0.0 0.0 0.0 0.0 0.0 0.0 0.0 0.0 0.0 0.0 0.0 0.0
0.0 0.0 0.0 0.0 0.0 0.0 0.0 0.0 0.0 0.0 0.0 0.0 0.0 0.0 0.0 0.0 0.0 0.0 0.0 0.0 0.0 0.0 0.0 0.0 0.0 0.0 0.0 0.0 0.0 0.0 0.0 0.0 0.0 0.0 0.0 279.0 0.0 0.0 0.0 0.0 0.0 0.0 0.0 0.0 0.0 0.0 0.0 0.0 0.0 0.0
0.0 0.0 0.0 0.0 0.0 0.0 0.0 0.0 0.0 0.0 0.0 0.0 0.0 0.0 0.0 0.0 0.0 0.0 0.0 0.0 0.0 0.0 0.0 0.0 0.0 0.0 0.0 0.0 0.0 0.0 0.0 0.0 0.0 0.0 0.0 329.0 0.0 0.0 0.0 0.0 0.0 0.0 0.0 0.0 0.0 0.0 0.0 0.0 0.0 0.0
0.0 0.0 0.0 0.0 0.0 0.0 0.0 0.0 0.0 0.0 0.0 0.0 0.0 0.0 0.0 0.0 0.0 0.0 0.0 0.0 0.0 0.0 0.0 0.0 0.0 0.0 0.0 0.0 0.0 0.0 0.0 0.0 0.0 0.0 0.0 0.0 0.0 0.0 0.0 0.0 0.0 0.0 0.0 0.0 0.0 0.0 0.0 0.0 0.0 0.0
0.0 0.0 0.0 0.0 0.0 0.0 0.0 0.0 0.0 0.0 0.0 0.0 0.0 0.0 0.0 0.0 0.0 0.0 0.0 0.0 0.0 0.0 0.0 0.0 0.0 0.0 0.0 0.0 0.0 0.0 0.0 0.0 0.0 0.0 0.0 514.0 0.0 0.0 0.0 0.0 0.0 0.0 0.0 0.0 0.0 0.0 0.0 0.0 0.0 0.0
0.0 0.0 0.0 0.0 0.0 0.0 0.0 0.0 0.0 0.0 0.0 0.0 0.0 0.0 0.0 0.0 0.0 0.0 0.0 0.0 0.0 0.0 0.0 0.0 0.0 0.0 0.0 0.0 0.0 0.0 0.0 0.0 0.0 0.0 0.0 293.0 0.0 0.0 0.0 0.0 0.0 0.0 0.0 0.0 0.0 0.0 0.0 0.0 0.0 0.0
0.0 0.0 0.0 0.0 0.0 0.0 0.0 0.0 0.0 0.0 0.0 0.0 0.0 0.0 0.0 0.0 0.0 0.0 0.0 0.0 0.0 0.0 0.0 0.0 0.0 0.0 0.0 0.0 0.0 0.0 0.0 0.0 0.0 0.0 0.0 519.0 0.0 0.0 0.0 0.0 0.0 0.0 0.0 0.0 0.0 0.0 0.0 0.0 0.0 0.0
0.0 0.0 0.0 0.0 0.0 0.0 0.0 0.0 0.0 0.0 0.0 0.0 0.0 0.0 0.0 0.0 0.0 0.0 0.0 0.0 0.0 0.0 0.0 0.0 0.0 0.0 0.0 0.0 0.0 0.0 0.0 0.0 0.0 0.0 0.0 271.0 0.0 0.0 0.0 0.0 0.0 0.0 0.0 0.0 0.0 0.0 0.0 0.0 0.0 0.0
0.0 0.0 0.0 0.0 0.0 0.0 0.0 0.0 0.0 0.0 0.0 0.0 0.0 0.0 0.0 0.0 0.0 0.0 0.0 0.0 0.0 0.0 0.0 0.0 0.0 0.0 0.0 0.0 0.0 0.0 0.0 0.0 0.0 0.0 0.0 304.0 0.0 0.0 0.0 0.0 0.0 0.0 0.0 0.0 0.0 0.0 0.0 0.0 0.0 0.0
0.0 0.0 0.0 0.0 0.0 0.0 0.0 0.0 0.0 0.0 0.0 0.0 0.0 0.0 0.0 0.0 0.0 0.0 0.0 0.0 0.0 0.0 0.0 0.0 0.0 0.0 0.0 0.0 0.0 0.0 0.0 0.0 0.0 0.0 0.0 193.0 0.0 0.0 0.0 0.0 0.0 0.0 0.0 0.0 0.0 0.0 0.0 0.0 0.0 0.0
0.0 0.0 0.0 0.0 0.0 0.0 0.0 0.0 0.0 0.0 0.0 0.0 0.0 0.0 0.0 0.0 0.0 0.0 0.0 0.0 0.0 0.0 0.0 0.0 0.0 0.0 0.0 0.0 0.0 0.0 0.0 0.0 0.0 0.0 0.0 515.0 0.0 0.0 0.0 0.0 0.0 0.0 0.0 0.0 0.0 0.0 0.0 0.0 0.0 0.0
0.0 0.0 0.0 0.0 0.0 0.0 0.0 0.0 0.0 0.0 0.0 0.0 0.0 0.0 0.0 0.0 0.0 0.0 0.0 0.0 0.0 0.0 0.0 0.0 0.0 0.0 0.0 0.0 0.0 0.0 0.0 0.0 0.0 0.0 0.0 177.0 0.0 0.0 0.0 0.0 0.0 0.0 0.0 0.0 0.0 0.0 0.0 0.0 0.0 0.0
0.0 0.0 0.0 0.0 0.0 0.0 0.0 0.0 0.0 0.0 0.0 0.0 0.0 0.0 0.0 0.0 0.0 0.0 0.0 0.0 0.0 0.0 0.0 0.0 0.0 0.0 0.0 0.0 0.0 0.0 0.0 0.0 0.0 0.0 0.0 175.0 0.0 0.0 0.0 0.0 0.0 0.0 0.0 0.0 0.0 0.0 0.0 0.0 0.0 0.0
0.0 0.0 0.0 0.0 0.0 0.0 0.0 0.0 0.0 0.0 0.0 0.0 0.0 0.0 0.0 0.0 0.0 0.0 0.0 0.0 0.0 0.0 0.0 0.0 0.0 0.0 0.0 0.0 0.0 0.0 0.0 0.0 0.0 0.0 0.0 399.0 0.0 0.0 0.0 0.0 0.0 0.0 0.0 0.0 0.0 0.0 0.0 0.0 0.0 0.0
0.0 0.0 0.0 0.0 0.0 0.0 0.0 0.0 0.0 0.0 0.0 0.0 0.0 0.0 0.0 0.0 0.0 0.0 0.0 0.0 0.0 0.0 0.0 0.0 0.0 0.0 0.0 0.0 0.0 0.0 0.0 0.0 0.0 0.0 0.0 416.0 0.0 0.0 0.0 0.0 0.0 0.0 0.0 0.0 0.0 0.0 0.0 0.0 0.0 0.0
0.0 0.0 0.0 0.0 0.0 0.0 0.0 0.0 0.0 0.0 0.0 0.0 0.0 0.0 0.0 0.0 0.0 0.0 0.0 0.0 0.0 0.0 0.0 0.0 0.0 0.0 0.0 0.0 0.0 0.0 0.0 0.0 0.0 0.0 0.0 504.0 0.0 0.0 0.0 0.0 0.0 0.0 0.0 0.0 0.0 0.0 0.0 0.0 0.0 0.0
0.0 0.0 0.0 0.0 0.0 0.0 0.0 0.0 0.0 0.0 0.0 0.0 0.0 0.0 0.0 0.0 0.0 0.0 0.0 0.0 0.0 0.0 0.0 0.0 0.0 0.0 0.0 0.0 0.0 0.0 0.0 0.0 0.0 0.0 0.0 426.0 0.0 0.0 0.0 0.0 0.0 0.0 0.0 0.0 0.0 0.0 0.0 0.0 0.0 0.0
0.0 0.0 0.0 0.0 0.0 0.0 0.0 0.0 0.0 0.0 0.0 0.0 0.0 0.0 0.0 0.0 0.0 0.0 0.0 0.0 0.0 0.0 0.0 0.0 0.0 0.0 0.0 0.0 0.0 0.0 0.0 0.0 0.0 0.0 0.0 56.0 0.0 0.0 0.0 0.0 0.0 0.0 0.0 0.0 0.0 0.0 0.0 0.0 0.0 0.0